  0  60  58  75  9  41  98  73  49  79  15  84  31  40  100  64  15  17 
 60  0  92  36  97  64  89  27  18  28  31  59  55  71  1  99  30  60 
 58  92  0  74  40  1  71  13  50  50  28  34  81  69  33  45  84  50 
 75  36  74  0  36  19  47  100  8  74  18  36  5  77  92  76  79  90 
 9  97  40  36  0  6  38  63  47  39  34  60  90  85  89  23  66  57 
 41  64  1  19  6  0  57  10  40  6  47  60  54  46  69  28  65  4 
 98  89  71  47  38  57  0  33  42  96  9  20  86  16  58  49  64  97 
 73  27  13  100  63  10  33  0  83  24  87  68  12  9  33  70  66  44 
 49  18  50  8  47  40  42  83  0  10  73  91  70  27  37  38  55  1 
 79  28  50  74  39  6  96  24  10  0  43  89  43  39  98  63  24  14 
 15  31  28  18  34  47  9  87  73  43  0  21  73  78  17  56  2  3 
 84  59  34  36  60  60  20  68  91  89  21  0  23  14  13  56  85  80 
 31  55  81  5  90  54  86  12  70  43  73  23  0  100  95  52  91  64 
 40  71  69  77  85  46  16  9  27  39  78  14  100  0  79  27  2  34 
 100  1  33  92  89  69  58  33  37  98  17  13  95  79  0  29  46  22 
 64  99  45  76  23  28  49  70  38  63  56  56  52  27  29  0  73  85 
 15  30  84  79  66  65  64  66  55  24  2  85  91  2  46  73  0  19 
 17  60  50  90  57  4  97  44  1  14  3  80  64  34  22  85  19  0 