 0  44  61  87  41  28  32  17  81  2  5  73  80  97  7  82  56  45 
 44  0  50  11  97  55  8  40  56  0  1  51  92  44  10  18  89  72 
 61  50  0  4  30  100  36  47  81  38  53  53  18  50  60  0  5  5 
 87  11  4  0  51  16  1  5  25  42  62  25  44  12  16  89  23  34 
 41  97  30  51  0  78  95  39  7  95  75  55  75  13  7  27  32  57 
 28  55  100  16  78  0  88  32  62  93  83  79  95  89  3  37  50  29 
 32  8  36  1  95  88  0  81  63  45  69  86  80  47  80  19  54  74 
 17  40  47  5  39  32  81  0  94  8  49  7  15  76  40  73  63  72 
 81  56  81  25  7  62  63  94  0  34  56  55  12  50  43  16  87  94 
 2  0  38  42  95  93  45  8  34  0  45  68  56  91  37  41  71  84 
 5  1  53  62  75  83  69  49  56  45  0  20  90  37  95  84  46  43 
 73  51  53  25  55  79  86  7  55  68  20  0  92  61  19  31  33  82 
 80  92  18  44  75  95  80  15  12  56  90  92  0  2  68  38  58  80 
 97  44  50  12  13  89  47  76  50  91  37  61  2  0  89  0  97  75 
 7  10  60  16  7  3  80  40  43  37  95  19  68  89  0  95  41  43 
 82  18  0  89  27  37  19  73  16  41  84  31  38  0  95  0  50  32 
 56  89  5  23  32  50  54  63  87  71  46  33  58  97  41  50  0  80 
 45  72  5  34  57  29  74  72  94  84  43  82  80  75  43  32  80  0